GAN:

Modelo inicial:
Epoch: 0/5000, Discriminator Loss: 6.416459619998932, Generator Loss: 0.08616448193788528
Epoch: 40/5000, Discriminator Loss: 0.0008907083829399198, Generator Loss: 9.12934684753418
Epoch: 5000/5000, Discriminator Loss: 2.2865516009495934e-06, Generator Loss: 18.7711124420166


[0.52547044 0.51149094 0.49470884 0.51100606 0.5166511  0.4950106
 0.49526525 0.4867112  0.4940207  0.5064918  0.50820076 0.5041081
 0.49500793 0.490938   0.48904437 0.49887875 0.49972573 0.4941866
 0.47163522 0.52274245 0.49666885 0.50691867 0.5040198  0.4995283
 0.5108335  0.5073987  0.49310562 0.5029759  0.51040804 0.5143335
 0.5014946  0.5027938  0.5176015  0.48782736 0.53004014 0.48095182
 0.48904613 0.5067794  0.5052744  0.4911774  0.5044275  0.49453565
 0.4841695  0.5114082  0.5005843  0.52024883 0.48758918 0.50128406
 0.496527   0.49836648 0.4841963  0.5060949  0.4866707  0.4922027
 0.5182775  0.5117605  0.49619174 0.4687134  0.49264225 0.49984297]

 [2.58295841e-32 3.41603048e-08 3.95628863e-09 2.49131578e-08
 1.20494219e-08 4.78119432e-07 7.99958684e-07 1.26583966e-10
 1.07416839e-04 6.12144067e-04 2.45838212e-08 1.61680624e-09
 2.78756147e-08 6.65110911e-10 3.23433483e-07 7.12672943e-07
 1.53802738e-01 4.18972777e-05 7.11664370e-07 7.45188629e-07
 8.97938571e-06 1.39005261e-08 1.79269013e-03 9.81813992e-06
 4.98010664e-08 1.69727625e-03 4.90483820e-10 8.83937281e-12
 1.42967619e-05 2.34891019e-07 3.12746010e-06 2.73087664e-09
 1.38765620e-06 2.93950753e-10 6.31174771e-07 5.62578739e-09
 4.14821705e-10 4.22120684e-06 1.53104163e-09 3.85818417e-08
 5.78333319e-11 2.84105394e-04 3.48143092e-09 1.47858046e-08
 3.63025379e-08 5.78919135e-08 6.68216671e-07 2.30173813e-03
 1.10362282e-06 1.26830642e-07 4.02888901e-07 3.07753282e-07
 9.65061304e-07 6.36756420e-03 1.15968595e-08 6.56963905e-09
 3.30351241e-07 1.03608990e-07 5.59390436e-08 2.03898698e-09]

Cambios en Generador:
Epoch: 0/5000, Discriminator Loss: 0.7512747645378113, Generator Loss: 1.0433332920074463
Epoch: 120/5000, Discriminator Loss: 0.00045930015581657204, Generator Loss: 45.330345153808594


Epoch: 100/100, Discriminator Loss: 0.9156509935855865, Generator Loss: -0.284077525138855
[[0.         0.39316239 0.59440559 ... 0.1041181  0.05672106 0.12432012]
 [0.39316239 0.         0.64024864 ... 0.4017094  0.33877234 0.35664336]
 [0.59440559 0.64024864 0.         ... 0.49184149 0.5990676  0.47474747]
 ...
 [0.1041181  0.4017094  0.49184149 ... 0.         0.12742813 0.04972805]
 [0.05672106 0.33877234 0.5990676  ... 0.12742813 0.         0.12509713]
 [0.12432012 0.35664336 0.47474747 ... 0.04972805 0.12509713 0.        ]]
[[0.         0.20450844 0.2181465  ... 0.2260886  0.18251078 0.20789768]
 [0.20450844 0.         0.61078954 ... 0.36553144 0.38616621 0.41709462]
 [0.2181465  0.61078954 0.         ... 0.339557   0.36474466 0.45859462]
 ...
 [0.2260886  0.36553144 0.339557   ... 0.         0.5990031  0.37432212]
 [0.18251078 0.38616621 0.36474466 ... 0.5990031  0.         0.54828155]
 [0.20789768 0.41709462 0.45859462 ... 0.37432212 0.54828155 0.        ]]


 Discriminator Loss: 0.6116200387477875, Generator Loss: -0.4910813570022583
 Epoch: 100/100, Discriminator Loss: 0.8515337705612183, Generator Loss: -0.42027461528778076
 Epoch: 20/20, Discriminator Loss: 0.42894770205020905, Generator Loss: -0.35104745626449585